image_width: 1440
image_height: 700
camera_name: narrow_stereo
camera_matrix:
  rows: 3
  cols: 3
  data: [1408.23638,    0.     ,  682.89773,
            0.     , 1408.26157,  368.2152 ,
            0.     ,    0.     ,    1.     ]
distortion_model: plumb_bob
distortion_coefficients:
  rows: 1
  cols: 5
  data: [-0.404966, 0.212048, -0.000993, 0.000207, 0.000000]
rectification_matrix:
  rows: 3
  cols: 3
  data: [1., 0., 0.,
         0., 1., 0.,
         0., 0., 1.]
projection_matrix:
  rows: 3
  cols: 4
  data: [1251.48208,    0.     ,  674.3569 ,    0.     ,
            0.     , 1371.96272,  368.91559,    0.     ,
            0.     ,    0.     ,    1.     ,    0.     ]