image_width: 1440
image_height: 1080
camera_name: hik_camera
camera_matrix:
  rows: 3
  cols: 3
  data: [1420.95527,    0.     ,  680.96336,
            0.     , 1420.36124,  554.10444,
            0.     ,    0.     ,    1.     ]
distortion_model: plumb_bob
distortion_coefficients:
  rows: 1
  cols: 5
  data: [-0.399800, 0.201011, -0.000566, -0.000099, 0.000000]
rectification_matrix:
  rows: 3
  cols: 3
  data: [1., 0., 0.,
         0., 1., 0.,
         0., 0., 1.]
projection_matrix:
  rows: 3
  cols: 4
  data: [1266.13956,    0.     ,  671.50854,    0.     ,
            0.     , 1334.67636,  555.575  ,    0.     ,
            0.     ,    0.     ,    1.     ,    0.     ]